1 7 10 1
1 7 9 1
1 2 12 0
1 3 12 0
1 7 11 1
1 8 8 1
1 4 12 0
1 5 12 0
1 8 9 1
1 8 11 1
1 4 12 0
1 5 12 0
1 8 10 1
1 9 10 1
1 9 8 1
0.5 9 9 1
0.5 9 12 1
0.5 10 10 1
1.5 10 9 1
2 10 11 1

3 4 12 0
2 5 12 0
3 6 12 0
4 4 13 0
3 5 13 0
3 3 11 0
2 4 10 0
3 5 11 0
4 3 13 0

#Class 3
4 7 4 0
4 7 2 0
4 7 5 0
4 8 2 0
4 8 3 0
4 8 5 0
4 8 4 0
4 9 4 0
4 9 2 0
4 9 3 0
4 9 5 0
4 10 5 0
4 10 4 0
4 10 6 0

#Class 4
4 2 6 0
4 2 4 0
4 2 7 0
5 3 4 0
5 3 5 0
5 3 7 0
5 3 6 0
5 4 6 0
5 4 4 0
6 4 5 0
6 4 7 0
6 5 6 0
6 5 5 0
6 5 7 0
6 11 10 0

